{
    "pickup_sites": [
        {
            "capacity": 3,
            "level": 2.3504904901140407,
            "growth_rate": 0.000117177508948916,
            "location_index": 0
        },
        {
            "capacity": 1,
            "level": 0.3717435875855194,
            "growth_rate": 4.258344217081304e-05,
            "location_index": 1
        },
        {
            "capacity": 2,
            "level": 0.9875221115181404,
            "growth_rate": 5.991389933680587e-05,
            "location_index": 2
        },
        {
            "capacity": 3,
            "level": 0.7998418521512556,
            "growth_rate": 0.00014627909964790457,
            "location_index": 3
        },
        {
            "capacity": 3,
            "level": 1.1049715053007159,
            "growth_rate": 0.000131888017926103,
            "location_index": 4
        },
        {
            "capacity": 1,
            "level": 0.3910391642057494,
            "growth_rate": 3.4536849094728206e-05,
            "location_index": 5
        },
        {
            "capacity": 3,
            "level": 0.13476378570261788,
            "growth_rate": 0.00010532746764988312,
            "location_index": 6
        },
        {
            "capacity": 1,
            "level": 0.21552065753783545,
            "growth_rate": 3.7356540026391944e-05,
            "location_index": 7
        },
        {
            "capacity": 3,
            "level": 1.5250023802087216,
            "growth_rate": 0.00010475662287574877,
            "location_index": 8
        },
        {
            "capacity": 1,
            "level": 0.7130601654933306,
            "growth_rate": 4.013421352969973e-05,
            "location_index": 9
        },
        {
            "capacity": 2,
            "level": 0.16920283517122492,
            "growth_rate": 7.570358086958314e-05,
            "location_index": 10
        },
        {
            "capacity": 1,
            "level": 0.3299482429246049,
            "growth_rate": 4.4221625792137025e-05,
            "location_index": 11
        },
        {
            "capacity": 1,
            "level": 0.09100174828406163,
            "growth_rate": 3.951906556525632e-05,
            "location_index": 12
        },
        {
            "capacity": 2,
            "level": 1.1632501549465621,
            "growth_rate": 7.039206752676176e-05,
            "location_index": 13
        },
        {
            "capacity": 3,
            "level": 1.679801468673995,
            "growth_rate": 0.00012699808127731736,
            "location_index": 14
        },
        {
            "capacity": 3,
            "level": 0.7981502963115926,
            "growth_rate": 0.00011586379373400715,
            "location_index": 15
        },
        {
            "capacity": 1,
            "level": 0.6647118556860618,
            "growth_rate": 4.452226648247295e-05,
            "location_index": 16
        },
        {
            "capacity": 2,
            "level": 1.4607842166388545,
            "growth_rate": 7.540568802585377e-05,
            "location_index": 17
        },
        {
            "capacity": 2,
            "level": 0.2561185076577706,
            "growth_rate": 7.319271578979752e-05,
            "location_index": 18
        },
        {
            "capacity": 3,
            "level": 2.270110062561432,
            "growth_rate": 0.0001261166348486462,
            "location_index": 19
        },
        {
            "capacity": 2,
            "level": 0.46120210042087584,
            "growth_rate": 7.693399247710926e-05,
            "location_index": 20
        },
        {
            "capacity": 3,
            "level": 0.22361893997863974,
            "growth_rate": 0.00011535867084756754,
            "location_index": 21
        },
        {
            "capacity": 3,
            "level": 1.370631937062586,
            "growth_rate": 0.00012876121563342412,
            "location_index": 22
        },
        {
            "capacity": 3,
            "level": 1.7271986082292239,
            "growth_rate": 0.00011085005455424857,
            "location_index": 23
        },
        {
            "capacity": 1,
            "level": 0.26655088111430925,
            "growth_rate": 3.7297886508807984e-05,
            "location_index": 24
        },
        {
            "capacity": 2,
            "level": 1.3266668849748822,
            "growth_rate": 7.310217000002642e-05,
            "location_index": 25
        },
        {
            "capacity": 3,
            "level": 0.36685918493035513,
            "growth_rate": 0.00011837213456712922,
            "location_index": 26
        },
        {
            "capacity": 1,
            "level": 0.336447061816479,
            "growth_rate": 3.912418385166545e-05,
            "location_index": 27
        },
        {
            "capacity": 2,
            "level": 0.8237257320834769,
            "growth_rate": 7.119960862883031e-05,
            "location_index": 28
        },
        {
            "capacity": 3,
            "level": 1.8026989312080008,
            "growth_rate": 0.00013759529691848143,
            "location_index": 29
        },
        {
            "capacity": 1,
            "level": 0.4502011023954053,
            "growth_rate": 4.130065853216061e-05,
            "location_index": 30
        },
        {
            "capacity": 1,
            "level": 0.5178568482874017,
            "growth_rate": 3.335823179423296e-05,
            "location_index": 31
        },
        {
            "capacity": 3,
            "level": 1.4926942398606944,
            "growth_rate": 0.00012296031328439588,
            "location_index": 32
        },
        {
            "capacity": 3,
            "level": 2.0016980236439323,
            "growth_rate": 0.00010836934513136452,
            "location_index": 33
        },
        {
            "capacity": 1,
            "level": 0.21345090639506373,
            "growth_rate": 4.539464559767652e-05,
            "location_index": 34
        },
        {
            "capacity": 3,
            "level": 1.9475814318241031,
            "growth_rate": 0.0001210613764664636,
            "location_index": 35
        },
        {
            "capacity": 3,
            "level": 0.9780238164273236,
            "growth_rate": 0.00011031656813122783,
            "location_index": 36
        },
        {
            "capacity": 2,
            "level": 0.7845442092670698,
            "growth_rate": 8.457103169903268e-05,
            "location_index": 37
        },
        {
            "capacity": 1,
            "level": 0.1219322546653908,
            "growth_rate": 4.2919677311999035e-05,
            "location_index": 38
        },
        {
            "capacity": 1,
            "level": 0.21340199090427747,
            "growth_rate": 3.803543833046775e-05,
            "location_index": 39
        },
        {
            "capacity": 1,
            "level": 0.6947193965529751,
            "growth_rate": 3.67123014672611e-05,
            "location_index": 40
        },
        {
            "capacity": 2,
            "level": 0.9381777400949419,
            "growth_rate": 7.146919897050801e-05,
            "location_index": 41
        },
        {
            "capacity": 3,
            "level": 1.944982596068578,
            "growth_rate": 0.00012479271085979077,
            "location_index": 42
        },
        {
            "capacity": 1,
            "level": 0.6606813532267579,
            "growth_rate": 3.729053213793983e-05,
            "location_index": 43
        },
        {
            "capacity": 3,
            "level": 1.23261347457934,
            "growth_rate": 0.0001151640209037101,
            "location_index": 44
        },
        {
            "capacity": 3,
            "level": 1.9940681202989974,
            "growth_rate": 0.00010328599528397737,
            "location_index": 45
        },
        {
            "capacity": 3,
            "level": 0.616505542496138,
            "growth_rate": 0.0001037827663454515,
            "location_index": 46
        },
        {
            "capacity": 2,
            "level": 1.0798472350035846,
            "growth_rate": 7.612873110636237e-05,
            "location_index": 47
        },
        {
            "capacity": 1,
            "level": 0.35226736496705097,
            "growth_rate": 4.5052487797318334e-05,
            "location_index": 48
        },
        {
            "capacity": 1,
            "level": 0.5154138314357483,
            "growth_rate": 4.0124586167466525e-05,
            "location_index": 49
        },
        {
            "capacity": 1,
            "level": 0.7486946522465616,
            "growth_rate": 3.7600007380681555e-05,
            "location_index": 50
        },
        {
            "capacity": 2,
            "level": 0.794745386627044,
            "growth_rate": 6.783885341459477e-05,
            "location_index": 51
        },
        {
            "capacity": 2,
            "level": 0.05220149882031784,
            "growth_rate": 8.127760813586906e-05,
            "location_index": 52
        },
        {
            "capacity": 2,
            "level": 0.1664911636891569,
            "growth_rate": 7.733150529392852e-05,
            "location_index": 53
        },
        {
            "capacity": 2,
            "level": 1.345318043429672,
            "growth_rate": 8.281019414427066e-05,
            "location_index": 54
        },
        {
            "capacity": 2,
            "level": 0.12171682459016307,
            "growth_rate": 7.75861759775448e-05,
            "location_index": 55
        },
        {
            "capacity": 3,
            "level": 0.6746847308186966,
            "growth_rate": 0.00014171964276762743,
            "location_index": 56
        },
        {
            "capacity": 3,
            "level": 0.23020884695930993,
            "growth_rate": 0.0001019073979366939,
            "location_index": 57
        }
    ],
    "depots": [
        {
            "location_index": 60
        },
        {
            "location_index": 61
        }
    ],
    "terminals": [
        {
            "location_index": 58
        },
        {
            "location_index": 59
        }
    ],
    "vehicles": [
        {
            "load_capacity": 18,
            "home_depot_index": 0,
            "max_route_duration": 495
        },
        {
            "load_capacity": 18,
            "home_depot_index": 0,
            "max_route_duration": 495
        },
        {
            "load_capacity": 18,
            "home_depot_index": 1,
            "max_route_duration": 495
        },
        {
            "load_capacity": 18,
            "home_depot_index": 1,
            "max_route_duration": 495
        }
    ],
    "distance_matrix": [
        [
            0.0,
            762.726806640625,
            270.6412048339844,
            2544.810546875,
            2920.36376953125,
            4155.3984375,
            14694.111328125,
            15276.0302734375,
            356.7809753417969,
            1710.5364990234375,
            914.9076538085938,
            92496.1875,
            154585.921875,
            142751.703125,
            124397.0,
            155138.21875,
            155074.90625,
            87635.5859375,
            95650.8359375,
            89711.2265625,
            88825.5703125,
            95578.703125,
            62498.62109375,
            102378.8046875,
            134527.53125,
            119202.9375,
            100156.6484375,
            112545.6796875,
            113219.7421875,
            109233.28125,
            112761.15625,
            111881.3984375,
            110251.96875,
            119107.34375,
            90088.71875,
            86960.0703125,
            127283.5078125,
            125512.984375,
            125998.7421875,
            124124.3515625,
            130618.4453125,
            122842.390625,
            128722.0703125,
            110389.25,
            139677.21875,
            85474.0859375,
            109269.7734375,
            129734.8828125,
            85507.203125,
            94020.203125,
            122119.515625,
            94551.28125,
            84045.2890625,
            72851.2109375,
            96769.2890625,
            125749.8984375,
            104575.609375,
            88587.4921875,
            5657.857421875,
            94721.0859375,
            5657.857421875,
            94721.0859375
        ],
        [
            762.726806640625,
            0.0,
            978.2045288085938,
            2625.294677734375,
            3464.902587890625,
            4572.82861328125,
            14584.2724609375,
            14638.14453125,
            769.52392578125,
            1892.317626953125,
            1665.98779296875,
            92591.171875,
            154466.6875,
            142613.6875,
            124294.2734375,
            155162.640625,
            155100.484375,
            87678.53125,
            95695.6640625,
            89774.921875,
            88894.21875,
            95633.5703125,
            62748.8359375,
            102390.875,
            134604.203125,
            119266.203125,
            100348.84375,
            112512.6953125,
            113187.4140625,
            109124.78125,
            112731.2265625,
            111858.46875,
            110251.3203125,
            119033.7109375,
            89905.2578125,
            86777.78125,
            127128.9609375,
            125356.828125,
            125852.4765625,
            123982.984375,
            130466.0703125,
            122678.71875,
            128555.875,
            110285.9765625,
            139732.1875,
            85589.5546875,
            109420.34375,
            129585.046875,
            85621.6796875,
            93760.640625,
            121966.1796875,
            94579.484375,
            84090.234375,
            72832.125,
            96811.90625,
            125647.1328125,
            104415.1328125,
            88632.5859375,
            5508.259765625,
            94719.4296875,
            5508.259765625,
            94719.4296875
        ],
        [
            270.6412048339844,
            978.2045288085938,
            0.0,
            2377.712890625,
            2944.497802734375,
            4229.6171875,
            14547.4541015625,
            15346.1904296875,
            319.6931457519531,
            1900.4022216796875,
            798.45556640625,
            92289.2421875,
            154435.234375,
            142606.71875,
            124241.59375,
            154947.953125,
            154884.34375,
            87441.140625,
            95455.8359375,
            89511.6796875,
            88624.8515625,
            95381.25,
            62260.1640625,
            102191.9921875,
            134324.578125,
            119003.265625,
            99928.765625,
            112370.6796875,
            113044.5625,
            109079.6953125,
            112585.328125,
            111703.6953125,
            110068.390625,
            118943.578125,
            89958.40625,
            86829.4375,
            127143.7109375,
            125373.703125,
            125856.3984375,
            123980.515625,
            130477.953125,
            122705.46875,
            128585.8984375,
            110234.1171875,
            139479.453125,
            85262.546875,
            109050.3828125,
            129593.6171875,
            85295.890625,
            93915.234375,
            121979.3828125,
            94360.4453125,
            83850.3984375,
            72672.953125,
            96574.828125,
            125594.4921875,
            104437.859375,
            88392.5078125,
            5889.4501953125,
            94537.9140625,
            5889.4501953125,
            94537.9140625
        ],
        [
            2544.810546875,
            2625.294677734375,
            2377.712890625,
            0.0,
            5167.48779296875,
            6533.0888671875,
            12174.2822265625,
            13976.7724609375,
            2194.268798828125,
            4255.2373046875,
            2932.1630859375,
            89986.25,
            152058.71875,
            140232.921875,
            121864.015625,
            152600.15625,
            152537.125,
            85102.5078125,
            93118.4453125,
            87185.8984375,
            86302.3671875,
            93049.8984375,
            60134.18359375,
            99837.90625,
            132008.296875,
            116677.625,
            97723.609375,
            110000.8828125,
            110674.9453125,
            106702.421875,
            110216.34375,
            109336.6953125,
            107709.078125,
            116566.7890625,
            87598.375,
            84469.03125,
            124773.65625,
            123004.0859375,
            123484.3671875,
            121607.46875,
            128107.328125,
            120338.0,
            126219.1328125,
            107856.578125,
            137148.671875,
            82976.5859375,
            106798.375,
            127222.3828125,
            83009.0546875,
            91598.6875,
            119609.0625,
            92013.9453125,
            81512.84375,
            70306.6015625,
            94236.1796875,
            123216.921875,
            102069.671875,
            86055.1328125,
            8120.35205078125,
            92178.015625,
            8120.35205078125,
            92178.015625
        ],
        [
            2920.36376953125,
            3464.902587890625,
            2944.497802734375,
            5167.48779296875,
            0.0,
            1423.23046875,
            17267.88671875,
            18088.806640625,
            3239.361328125,
            1918.9190673828125,
            2244.294189453125,
            94495.3671875,
            157085.953125,
            145289.140625,
            126866.4765625,
            157312.859375,
            157246.625,
            89775.9921875,
            97783.8046875,
            91796.546875,
            90897.984375,
            97685.4921875,
            64036.4609375,
            104592.8828125,
            136567.171875,
            121281.625,
            101863.109375,
            114865.234375,
            115537.6875,
            111716.4140625,
            115073.6328125,
            114177.71875,
            112495.5,
            121516.4921875,
            92714.0234375,
            89583.890625,
            129853.2421875,
            128085.8359375,
            128553.234375,
            126669.8125,
            133183.875,
            125429.125,
            131312.796875,
            112861.6484375,
            141774.546875,
            87418.203125,
            111102.4296875,
            132295.703125,
            87454.125,
            96762.3984375,
            124687.5,
            96727.1171875,
            86181.84375,
            75149.40625,
            98907.6484375,
            128219.3125,
            107158.5859375,
            90722.03125,
            4679.64208984375,
            96970.6171875,
            4679.64208984375,
            96970.6171875
        ],
        [
            4155.3984375,
            4572.82861328125,
            4229.6171875,
            6533.0888671875,
            1423.23046875,
            0.0,
            18669.8203125,
            19026.84375,
            4498.66015625,
            2749.155029296875,
            3601.7412109375,
            95897.2421875,
            158503.171875,
            146702.59375,
            128285.875,
            158729.890625,
            158663.453125,
            91191.3125,
            99198.4140625,
            93207.2890625,
            92307.5703125,
            99097.984375,
            65367.4296875,
            106012.6328125,
            137972.59375,
            122691.1875,
            103221.828125,
            116288.3203125,
            116960.75,
            113134.765625,
            116496.625,
            115600.4296875,
            113916.5546875,
            122938.765625,
            94113.515625,
            90983.625,
            131262.484375,
            129494.625,
            129964.5234375,
            128082.2109375,
            134593.75,
            126835.8046875,
            132718.890625,
            114280.7734375,
            143185.578125,
            88813.765625,
            112481.484375,
            133706.1875,
            88850.046875,
            98129.0859375,
            126096.9609375,
            98144.7578125,
            87596.9609375,
            76572.2890625,
            100322.6484375,
            129638.71875,
            108565.6875,
            92136.890625,
            3931.76806640625,
            98392.015625,
            3931.76806640625,
            98392.015625
        ],
        [
            14694.111328125,
            14584.2724609375,
            14547.4541015625,
            12174.2822265625,
            17267.88671875,
            18669.8203125,
            0.0,
            12151.8935546875,
            14337.720703125,
            16389.17578125,
            15079.728515625,
            78533.15625,
            139892.765625,
            128059.265625,
            109711.484375,
            140766.703125,
            140708.296875,
            73374.3359375,
            81393.421875,
            75559.765625,
            74703.46875,
            81373.609375,
            50089.90234375,
            87968.6796875,
            120421.375,
            105028.9453125,
            86955.265625,
            97980.4296875,
            98656.1953125,
            94544.078125,
            98204.34375,
            97345.1328125,
            95790.421875,
            104454.6953125,
            75446.3125,
            72316.1171875,
            112600.6015625,
            110831.484375,
            111310.1171875,
            109433.3125,
            115933.765625,
            108168.359375,
            114050.6328125,
            95703.28125,
            125451.5234375,
            71663.0546875,
            95690.75,
            115048.421875,
            71688.9375,
            79609.4921875,
            107435.7734375,
            80214.296875,
            69797.28125,
            58336.87890625,
            82500.0546875,
            111064.3515625,
            89899.046875,
            74336.453125,
            19969.232421875,
            80260.1328125,
            19969.232421875,
            80260.1328125
        ],
        [
            15276.0302734375,
            14638.14453125,
            15346.1904296875,
            13976.7724609375,
            18088.806640625,
            19026.84375,
            12151.8935546875,
            0.0,
            15026.517578125,
            16295.7841796875,
            16144.39453125,
            87010.1640625,
            144897.3125,
            132798.1875,
            115092.6875,
            147909.21875,
            147866.96875,
            81215.2578125,
            89172.5234375,
            83658.0546875,
            82878.0625,
            89290.0859375,
            60740.1640625,
            95227.921875,
            128354.65625,
            112870.390625,
            96517.2578125,
            104505.75,
            105186.7421875,
            99916.28125,
            104773.6875,
            104024.1484375,
            102805.796875,
            110320.8671875,
            79682.3203125,
            76599.0859375,
            117123.2109375,
            115334.453125,
            115976.0234375,
            114188.5390625,
            120479.3828125,
            112556.1484375,
            118372.09375,
            101152.5390625,
            133072.546875,
            80480.125,
            104701.9296875,
            119639.65625,
            80493.3125,
            82414.6328125,
            112000.65625,
            87774.0859375,
            77710.7421875,
            65498.0859375,
            90237.8046875,
            116438.4140625,
            94434.8515625,
            82195.5703125,
            17800.322265625,
            87392.203125,
            17800.322265625,
            87392.203125
        ],
        [
            356.7809753417969,
            769.52392578125,
            319.6931457519531,
            2194.268798828125,
            3239.361328125,
            4498.66015625,
            14337.720703125,
            15026.517578125,
            0.0,
            2062.087890625,
            1118.124755859375,
            92159.578125,
            154229.734375,
            142395.09375,
            124041.3203125,
            154792.203125,
            154729.015625,
            87291.6328125,
            95307.1484375,
            89370.0,
            88485.03125,
            95236.3125,
            62193.7890625,
            102031.3359375,
            134188.28125,
            118861.75,
            99838.2734375,
            112194.0390625,
            112868.15625,
            108877.3828125,
            112409.765625,
            111530.59375,
            109903.2109375,
            118752.9921875,
            89732.1015625,
            86603.4453125,
            126926.7421875,
            125156.21875,
            125642.0390625,
            123767.703125,
            130261.6953125,
            122485.609375,
            128365.296875,
            110033.5390625,
            139334.953125,
            85140.78125,
            108942.90625,
            129378.1484375,
            85173.7265625,
            93666.6640625,
            121762.7578125,
            94205.578125,
            83701.5703125,
            72500.625,
            96425.328125,
            125394.21875,
            104218.828125,
            88243.8125,
            5976.5234375,
            94372.1953125,
            5976.5234375,
            94372.1953125
        ],
        [
            1710.5364990234375,
            1892.317626953125,
            1900.4022216796875,
            4255.2373046875,
            1918.9190673828125,
            2749.155029296875,
            16389.17578125,
            16295.7841796875,
            2062.087890625,
            0.0,
            1715.7313232421875,
            94188.15625,
            156281.890625,
            144441.578125,
            126097.328125,
            156845.9375,
            156782.484375,
            89340.75,
            97355.609375,
            91412.0859375,
            90525.2265625,
            97281.4921875,
            64104.3671875,
            104087.984375,
            136224.6875,
            120903.6640625,
            101802.0859375,
            114255.921875,
            114930.015625,
            110932.078125,
            114471.515625,
            113591.90625,
            111962.03125,
            120813.53125,
            91759.1640625,
            88631.0625,
            128967.09375,
            127195.9140625,
            127685.546875,
            125812.9609375,
            132302.90625,
            124522.1640625,
            130400.7734375,
            112089.3828125,
            141379.734375,
            87158.828125,
            110938.46875,
            131420.34375,
            87192.328125,
            95643.8203125,
            123803.5625,
            96258.6953125,
            85750.1328125,
            74561.7421875,
            98474.4453125,
            127450.21875,
            106256.6484375,
            90292.265625,
            4049.809814453125,
            96431.2265625,
            4049.809814453125,
            96431.2265625
        ],
        [
            914.9076538085938,
            1665.98779296875,
            798.45556640625,
            2932.1630859375,
            2244.294189453125,
            3601.7412109375,
            15079.728515625,
            16144.39453125,
            1118.124755859375,
            1715.7313232421875,
            0.0,
            92606.546875,
            154941.296875,
            143128.328125,
            124734.9453125,
            155329.015625,
            155264.34375,
            87808.3046875,
            95820.6171875,
            89859.1875,
            88967.7265625,
            95736.6328125,
            62421.48828125,
            102586.515625,
            134657.25,
            119349.3515625,
            100147.765625,
            112804.9375,
            113478.21875,
            109578.453125,
            113016.8984375,
            112129.1171875,
            110473.9921875,
            119412.703125,
            90517.9140625,
            87388.2421875,
            127678.984375,
            125910.3125,
            126385.125,
            124505.390625,
            131011.3984375,
            123248.0859375,
            129130.2890625,
            110728.5,
            139832.546875,
            85560.4609375,
            109311.5390625,
            130125.0703125,
            85594.765625,
            94530.640625,
            122513.875,
            94740.71875,
            84216.015625,
            73097.9609375,
            96941.5859375,
            126087.8359375,
            104978.7109375,
            88757.59375,
            5755.88134765625,
            94945.359375,
            5755.88134765625,
            94945.359375
        ],
        [
            92496.1875,
            92591.171875,
            92289.2421875,
            89986.25,
            94495.3671875,
            95897.2421875,
            78533.15625,
            87010.1640625,
            92159.578125,
            94188.15625,
            92606.546875,
            0.0,
            70499.609375,
            61212.33203125,
            42244.15234375,
            63586.5703125,
            63492.984375,
            7871.32958984375,
            6957.5966796875,
            4687.41357421875,
            4846.52587890625,
            5839.6865234375,
            33887.55078125,
            14469.4482421875,
            42108.81640625,
            27050.103515625,
            14686.591796875,
            26325.109375,
            26817.958984375,
            31557.953125,
            26239.044921875,
            24929.2890625,
            21785.4375,
            35246.6953125,
            33470.46484375,
            33138.6640625,
            49632.671875,
            48398.171875,
            47765.21484375,
            45784.61328125,
            52118.125,
            47140.49609375,
            51978.51953125,
            31726.150390625,
            47540.8125,
            7415.1396484375,
            18370.1171875,
            51141.81640625,
            7347.14990234375,
            43618.1171875,
            45487.1484375,
            8463.025390625,
            10277.2158203125,
            23223.287109375,
            7785.1630859375,
            43372.89453125,
            35066.77734375,
            7132.11376953125,
            98099.4296875,
            12082.48828125,
            98099.4296875,
            12082.48828125
        ],
        [
            154585.921875,
            154466.6875,
            154435.234375,
            152058.71875,
            157085.953125,
            158503.171875,
            139892.765625,
            144897.3125,
            154229.734375,
            156281.890625,
            154941.296875,
            70499.609375,
            0.0,
            12409.7021484375,
            30332.830078125,
            29227.3828125,
            29453.263671875,
            71312.5546875,
            64415.5859375,
            70680.078125,
            71737.2578125,
            65136.015625,
            103607.5625,
            56480.0390625,
            42086.44921875,
            47976.1328125,
            74393.921875,
            44591.67578125,
            44010.99609375,
            45385.16796875,
            44573.2578125,
            45799.875,
            48730.1796875,
            36386.234375,
            65319.9140625,
            68359.4453125,
            28105.3125,
            29887.2265625,
            29037.7421875,
            30744.083984375,
            24790.09765625,
            32798.24609375,
            27353.064453125,
            44275.13671875,
            36710.74609375,
            77535.296875,
            64470.34765625,
            25526.74609375,
            77441.4296875,
            64809.515625,
            33077.25390625,
            64368.58203125,
            74617.5078125,
            82874.375,
            63313.79296875,
            28987.919921875,
            50516.86328125,
            70583.6328125,
            159761.046875,
            62664.55078125,
            159761.046875,
            62664.55078125
        ],
        [
            142751.703125,
            142613.6875,
            142606.71875,
            140232.921875,
            145289.140625,
            146702.59375,
            128059.265625,
            132798.1875,
            142395.09375,
            144441.578125,
            143128.328125,
            61212.33203125,
            12409.7021484375,
            0.0,
            19369.185546875,
            34131.4140625,
            34311.046875,
            61110.40625,
            54746.484375,
            60829.12109375,
            61883.18359375,
            55596.71484375,
            93475.8125,
            46833.4140625,
            39865.3125,
            41679.40625,
            66966.7890625,
            34893.1328125,
            34394.44140625,
            33859.01953125,
            34973.4609375,
            36288.48046875,
            39574.375,
            26093.849609375,
            53136.95703125,
            56204.28515625,
            15760.3466796875,
            17550.46484375,
            16822.173828125,
            18638.646484375,
            12419.873046875,
            20433.740234375,
            14944.0849609375,
            32858.5,
            35894.39453125,
            67927.90625,
            57832.63671875,
            13198.94140625,
            67827.0625,
            52401.20703125,
            20816.09375,
            54399.4296875,
            64252.42578125,
            71646.3046875,
            53698.84375,
            18102.62890625,
            38363.33984375,
            60457.45703125,
            147870.171875,
            52306.27734375,
            147870.171875,
            52306.27734375
        ],
        [
            124397.0,
            124294.2734375,
            124241.59375,
            121864.015625,
            126866.4765625,
            128285.875,
            109711.484375,
            115092.6875,
            124041.3203125,
            126097.328125,
            124734.9453125,
            42244.15234375,
            30332.830078125,
            19369.185546875,
            0.0,
            38555.16796875,
            38628.6171875,
            41763.97265625,
            35608.3828125,
            41580.62890625,
            42630.0703125,
            36522.8984375,
            74118.90625,
            27779.423828125,
            32099.09765625,
            26994.69140625,
            49506.19921875,
            16048.994140625,
            15652.5869140625,
            15192.818359375,
            16224.4658203125,
            17576.87109375,
            21101.865234375,
            7046.4443359375,
            36191.05078125,
            39068.01171875,
            9128.5380859375,
            8943.7578125,
            7409.84326171875,
            6380.087890625,
            10447.5048828125,
            10150.3828125,
            11519.9716796875,
            14008.359375,
            31290.20703125,
            48753.43359375,
            41544.26171875,
            9564.68359375,
            48649.90234375,
            38091.0703125,
            8605.09765625,
            35130.69921875,
            44885.28125,
            52557.81640625,
            34597.31640625,
            1352.9017333984375,
            21698.203125,
            41127.0625,
            129622.4296875,
            32946.26171875,
            129622.4296875,
            32946.26171875
        ],
        [
            155138.21875,
            155162.640625,
            154947.953125,
            152600.15625,
            157312.859375,
            158729.890625,
            140766.703125,
            147909.21875,
            154792.203125,
            156845.9375,
            155329.015625,
            63586.5703125,
            29227.3828125,
            34131.4140625,
            38555.16796875,
            0.0,
            242.86734008789062,
            67553.15625,
            59566.8046875,
            65690.09375,
            66640.7265625,
            59743.03125,
            97169.2734375,
            52805.34765625,
            22849.548828125,
            36579.5,
            61497.29296875,
            43766.2265625,
            43090.66015625,
            51278.08203125,
            43439.2578125,
            44046.78515625,
            45104.5625,
            40093.10546875,
            72758.6953125,
            75254.59375,
            43307.6328125,
            44521.35546875,
            42881.703125,
            43379.2578125,
            41249.9453125,
            47087.63671875,
            44275.14453125,
            49893.5625,
            16534.63671875,
            70974.890625,
            50678.6171875,
            41316.38671875,
            70914.1953125,
            76308.921875,
            46174.01171875,
            60588.3046875,
            71149.4921875,
            82532.421875,
            58433.33984375,
            37566.02734375,
            59384.03125,
            66616.6171875,
            160646.703125,
            60572.55078125,
            160646.703125,
            60572.55078125
        ],
        [
            155074.90625,
            155100.484375,
            154884.34375,
            152537.125,
            157246.625,
            158663.453125,
            140708.296875,
            147866.96875,
            154729.015625,
            156782.484375,
            155264.34375,
            63492.984375,
            29453.263671875,
            34311.046875,
            38628.6171875,
            242.86734008789062,
            0.0,
            67483.2890625,
            59494.31640625,
            65611.2265625,
            66560.2421875,
            59665.69921875,
            97062.78125,
            52750.3671875,
            22698.013671875,
            36479.15234375,
            61354.45703125,
            43750.53515625,
            43075.47265625,
            51307.0546875,
            43421.46875,
            44022.296875,
            45061.34375,
            40125.09765625,
            72778.6171875,
            75268.3125,
            43423.5859375,
            44630.84375,
            42988.40625,
            43475.8359375,
            41379.0625,
            47190.140625,
            44401.921875,
            49922.35546875,
            16397.228515625,
            70879.1640625,
            50536.2890625,
            41440.5703125,
            70818.78125,
            76360.1484375,
            46268.92578125,
            60524.0390625,
            71079.53125,
            82481.7421875,
            58361.6640625,
            37645.08203125,
            59427.296875,
            66545.6953125,
            160585.296875,
            60522.7421875,
            160585.296875,
            60522.7421875
        ],
        [
            87635.5859375,
            87678.53125,
            87441.140625,
            85102.5078125,
            89775.9921875,
            91191.3125,
            73374.3359375,
            81215.2578125,
            87291.6328125,
            89340.75,
            87808.3046875,
            7871.32958984375,
            71312.5546875,
            61110.40625,
            41763.97265625,
