{
    "distance_matrix": [
        [
            0.0,
            0.7627268433570862,
            0.2706412076950073,
            2.5448105335235596,
            2.920363664627075,
            4.155398368835449,
            14.694110870361328,
            15.276029586791992,
            0.3567809760570526,
            1.7105365991592407,
            0.9149076342582703,
            92.49618530273438,
            154.58592224121094,
            142.75169372558594,
            124.39700317382812,
            155.13821411132812,
            155.0749053955078,
            87.63558959960938,
            95.65084075927734,
            89.71121978759766,
            88.82556915283203,
            95.57870483398438,
            62.49862289428711,
            102.3788070678711,
            134.52752685546875,
            119.20293426513672,
            100.15664672851562,
            112.5456771850586,
            113.21974182128906,
            109.23328399658203,
            112.76115417480469,
            111.88139343261719,
            110.25196838378906,
            119.10734558105469,
            90.08871459960938,
            86.96007537841797,
            127.28350830078125,
            125.51298522949219,
            125.99874114990234,
            124.12435150146484,
            130.61843872070312,
            122.84239196777344,
            128.72206115722656,
            110.38925170898438,
            139.67721557617188,
            85.47409057617188,
            109.269775390625,
            129.73487854003906,
            85.5072021484375,
            94.02020263671875,
            122.11951446533203,
            94.55128479003906,
            84.04529571533203,
            72.85121154785156,
            96.769287109375,
            125.7499008178711,
            104.57561492919922,
            88.58749389648438,
            5.657857418060303,
            94.72108459472656,
            5.657857418060303,
            94.72108459472656
        ],
        [
            0.7627268433570862,
            0.0,
            0.9782044887542725,
            2.6252946853637695,
            3.464902639389038,
            4.572828769683838,
            14.584272384643555,
            14.638144493103027,
            0.7695239186286926,
            1.8923176527023315,
            1.6659878492355347,
            92.59117126464844,
            154.46669006347656,
            142.6136932373047,
            124.29427337646484,
            155.1626434326172,
            155.10049438476562,
            87.67852783203125,
            95.69566345214844,
            89.77491760253906,
            88.89421844482422,
            95.6335678100586,
            62.748836517333984,
            102.39087677001953,
            134.6042022705078,
            119.26619720458984,
            100.34884643554688,
            112.5126953125,
            113.18740844726562,
            109.1247787475586,
            112.73123168945312,
            111.85846710205078,
            110.2513198852539,
            119.03370666503906,
            89.90525817871094,
            86.77778625488281,
            127.12895965576172,
            125.35682678222656,
            125.85247802734375,
            123.98298645019531,
            130.466064453125,
            122.67871856689453,
            128.55587768554688,
            110.28597259521484,
            139.732177734375,
            85.58955383300781,
            109.42034912109375,
            129.5850372314453,
            85.6216812133789,
            93.7606430053711,
            121.96617889404297,
            94.57948303222656,
            84.0902328491211,
            72.8321304321289,
            96.81190490722656,
            125.64713287353516,
            104.41513061523438,
            88.63258361816406,
            5.5082597732543945,
            94.71942901611328,
            5.5082597732543945,
            94.71942901611328
        ],
        [
            0.2706412076950073,
            0.9782044887542725,
            0.0,
            2.3777129650115967,
            2.94449782371521,
            4.229617118835449,
            14.547453880310059,
            15.346190452575684,
            0.3196931481361389,
            1.900402307510376,
            0.798455536365509,
            92.28923797607422,
            154.4352264404297,
            142.60671997070312,
            124.24159240722656,
            154.9479522705078,
            154.88433837890625,
            87.4411392211914,
            95.45584106445312,
            89.51168060302734,
            88.62484741210938,
            95.3812484741211,
            62.26016616821289,
            102.1919937133789,
            134.3245849609375,
            119.00326538085938,
            99.92876434326172,
            112.37067413330078,
            113.0445556640625,
            109.07969665527344,
            112.5853271484375,
            111.70369720458984,
            110.06838989257812,
            118.9435806274414,
            89.95841217041016,
            86.82943725585938,
            127.14371490478516,
            125.37370300292969,
            125.85639953613281,
            123.98051452636719,
            130.4779510498047,
            122.70547485351562,
            128.5858917236328,
            110.23411560058594,
            139.4794464111328,
            85.2625503540039,
            109.05038452148438,
            129.59361267089844,
            85.29588317871094,
            93.91522979736328,
            121.97938537597656,
            94.36044311523438,
            83.85039520263672,
            72.6729507446289,
            96.5748291015625,
            125.59449768066406,
            104.43785858154297,
            88.39250946044922,
            5.8894500732421875,
            94.53791046142578,
            5.8894500732421875,
            94.53791046142578
        ],
        [
            2.5448105335235596,
            2.6252946853637695,
            2.3777129650115967,
            0.0,
            5.167487621307373,
            6.533088684082031,
            12.174283027648926,
            13.976773262023926,
            2.1942687034606934,
            4.255237579345703,
            2.9321630001068115,
            89.98625183105469,
            152.05873107910156,
            140.23292541503906,
            121.86402130126953,
            152.60015869140625,
            152.53712463378906,
            85.10250854492188,
            93.11844635009766,
            87.18589782714844,
            86.3023681640625,
            93.04989624023438,
            60.134185791015625,
            99.8379135131836,
            132.00830078125,
            116.67761993408203,
            97.7236099243164,
            110.00088500976562,
            110.67494201660156,
            106.7024154663086,
            110.21634674072266,
            109.33670043945312,
            107.70907592773438,
            116.56678771972656,
            87.59837341308594,
            84.46903228759766,
            124.7736587524414,
            123.00408935546875,
            123.48436737060547,
            121.60746765136719,
            128.10733032226562,
            120.33800506591797,
            126.21913146972656,
            107.85657501220703,
            137.14866638183594,
            82.9765853881836,
            106.79837036132812,
            127.22238159179688,
            83.0090560913086,
            91.59868621826172,
            119.60906219482422,
            92.01394653320312,
            81.5128402709961,
            70.30660247802734,
            94.23617553710938,
            123.2169189453125,
            102.06967163085938,
            86.05513763427734,
            8.120351791381836,
            92.17801666259766,
            8.120351791381836,
            92.17801666259766
        ],
        [
            2.920363664627075,
            3.464902639389038,
            2.94449782371521,
            5.167487621307373,
            0.0,
            1.4232304096221924,
            17.267887115478516,
            18.08880615234375,
            3.23936128616333,
            1.9189190864562988,
            2.2442941665649414,
            94.495361328125,
            157.08595275878906,
            145.2891387939453,
            126.8664779663086,
            157.3128662109375,
            157.2466278076172,
            89.77599334716797,
            97.78379821777344,
            91.79654693603516,
            90.89798736572266,
            97.68549346923828,
            64.03646087646484,
            104.59288787841797,
            136.56716918945312,
            121.28163146972656,
            101.86310577392578,
            114.865234375,
            115.53768920898438,
            111.71641540527344,
            115.0736312866211,
            114.17771911621094,
            112.49549865722656,
            121.51648712158203,
            92.71401977539062,
            89.58389282226562,
            129.85324096679688,
            128.08583068847656,
            128.55323791503906,
            126.66981506347656,
            133.1838836669922,
            125.42912292480469,
            131.31280517578125,
            112.86164855957031,
            141.77455139160156,
            87.41819763183594,
            111.10242462158203,
            132.2957000732422,
            87.45413208007812,
            96.76239776611328,
            124.6875,
            96.72711944580078,
            86.18184661865234,
            75.14940643310547,
            98.90764617919922,
            128.2193145751953,
            107.15858459472656,
            90.72203063964844,
            4.679642200469971,
            96.97061920166016,
            4.679642200469971,
            96.97061920166016
        ],
        [
            4.155398368835449,
            4.572828769683838,
            4.229617118835449,
            6.533088684082031,
            1.4232304096221924,
            0.0,
            18.669818878173828,
            19.026844024658203,
            4.498660087585449,
            2.749155044555664,
            3.601741313934326,
            95.89724731445312,
            158.503173828125,
            146.7025909423828,
            128.28587341308594,
            158.72988891601562,
            158.6634521484375,
            91.1913070678711,
            99.19841003417969,
            93.20729064941406,
            92.30757141113281,
            99.09798431396484,
            65.367431640625,
            106.01263427734375,
            137.97259521484375,
            122.69119262695312,
            103.2218246459961,
            116.28832244873047,
            116.96074676513672,
            113.134765625,
            116.49662017822266,
            115.60042572021484,
            113.91655731201172,
            122.93876647949219,
            94.11351013183594,
            90.9836196899414,
            131.2624969482422,
            129.49462890625,
            129.9645233154297,
            128.08221435546875,
            134.59375,
            126.83580780029297,
            132.71888732910156,
            114.28077697753906,
            143.18557739257812,
            88.81376647949219,
            112.48148345947266,
            133.70619201660156,
            88.85005187988281,
            98.12908935546875,
            126.09696197509766,
            98.14476013183594,
            87.59695434570312,
            76.5722885131836,
            100.32264709472656,
            129.6387176513672,
            108.56568145751953,
            92.13689422607422,
            3.9317679405212402,
            98.39202117919922,
            3.9317679405212402,
            98.39202117919922
        ],
        [
            14.694110870361328,
            14.584272384643555,
            14.547453880310059,
            12.174283027648926,
            17.267887115478516,
            18.669818878173828,
            0.0,
            12.151893615722656,
            14.337719917297363,
            16.389177322387695,
            15.079728126525879,
            78.53315734863281,
            139.89276123046875,
            128.05926513671875,
            109.71147918701172,
            140.76670837402344,
            140.7082977294922,
            73.37433624267578,
            81.39341735839844,
            75.55976867675781,
            74.7034683227539,
            81.37361145019531,
            50.08990478515625,
            87.96868133544922,
            120.42137145996094,
            105.02894592285156,
            86.95526123046875,
            97.98043060302734,
            98.65619659423828,
            94.54408264160156,
            98.204345703125,
            97.34513092041016,
            95.79042053222656,
            104.45469665527344,
            75.4463119506836,
            72.31611633300781,
            112.60060119628906,
            110.83148193359375,
            111.31011962890625,
            109.43331146240234,
            115.93376159667969,
            108.1683578491211,
            114.0506362915039,
            95.70328521728516,
            125.45152282714844,
            71.66305541992188,
            95.69075012207031,
            115.04841613769531,
            71.68893432617188,
            79.60948944091797,
            107.4357681274414,
            80.21429443359375,
            69.79727935791016,
            58.33687973022461,
            82.50005340576172,
            111.0643539428711,
            89.8990478515625,
            74.33645629882812,
            19.9692325592041,
            80.2601318359375,
            19.9692325592041,
            80.2601318359375
        ],
        [
            15.276029586791992,
            14.638144493103027,
            15.346190452575684,
            13.976773262023926,
            18.08880615234375,
            19.026844024658203,
            12.151893615722656,
            0.0,
            15.026517868041992,
            16.29578399658203,
            16.144393920898438,
            87.01016235351562,
            144.89732360839844,
            132.79818725585938,
            115.09268951416016,
            147.90921020507812,
            147.86697387695312,
            81.21525573730469,
            89.17252349853516,
            83.65805053710938,
            82.87806701660156,
            89.29008483886719,
            60.74016189575195,
            95.22792053222656,
            128.3546600341797,
            112.87039184570312,
            96.51725769042969,
            104.50575256347656,
            105.1867446899414,
            99.9162826538086,
            104.77368927001953,
            104.0241470336914,
            102.80580139160156,
            110.32086944580078,
            79.68231964111328,
            76.59908294677734,
            117.12321472167969,
            115.33445739746094,
            115.97602844238281,
            114.18853759765625,
            120.47937774658203,
            112.55615234375,
            118.3720932006836,
            101.15254211425781,
            133.07254028320312,
            80.4801254272461,
            104.7019271850586,
            119.63965606689453,
            80.4933090209961,
            82.41462707519531,
            112.00065612792969,
            87.77408599853516,
            77.71073913574219,
            65.49808502197266,
            90.23780822753906,
            116.43840789794922,
            94.43485260009766,
            82.19557189941406,
            17.800321578979492,
            87.39220428466797,
            17.800321578979492,
            87.39220428466797
        ],
        [
            0.3567809760570526,
            0.7695239186286926,
            0.3196931481361389,
            2.1942687034606934,
            3.23936128616333,
            4.498660087585449,
            14.337719917297363,
            15.026517868041992,
            0.0,
            2.0620880126953125,
            1.1181247234344482,
            92.15957641601562,
            154.22972106933594,
            142.3950958251953,
            124.04132080078125,
            154.79220581054688,
            154.72901916503906,
            87.29163360595703,
            95.3071517944336,
            89.3699951171875,
            88.48503112792969,
            95.23631286621094,
            62.193790435791016,
            102.03133392333984,
            134.1882781982422,
            118.86174774169922,
            99.8382797241211,
            112.19404602050781,
            112.86815643310547,
            108.87738037109375,
            112.4097671508789,
            111.53059387207031,
            109.90321350097656,
            118.75299072265625,
            89.73210144042969,
            86.60344696044922,
            126.92674255371094,
            125.15621948242188,
            125.64203643798828,
            123.7677001953125,
            130.26168823242188,
            122.48561096191406,
            128.36529541015625,
            110.03353881835938,
            139.33494567871094,
            85.14077758789062,
            108.94290161132812,
            129.37814331054688,
            85.1737289428711,
            93.66666412353516,
            121.76275634765625,
            94.20558166503906,
            83.70157623291016,
            72.50062561035156,
            96.42533111572266,
            125.39421844482422,
            104.21883392333984,
            88.24381256103516,
            5.976523399353027,
            94.3721923828125,
            5.976523399353027,
            94.3721923828125
        ],
        [
            1.7105365991592407,
            1.8923176527023315,
            1.900402307510376,
            4.255237579345703,
            1.9189190864562988,
            2.749155044555664,
            16.389177322387695,
            16.29578399658203,
            2.0620880126953125,
            0.0,
            1.7157312631607056,
            94.18815612792969,
            156.28189086914062,
            144.4415740966797,
            126.09732818603516,
            156.845947265625,
            156.78248596191406,
            89.34075164794922,
            97.35560607910156,
            91.4120864868164,
            90.52523040771484,
            97.281494140625,
            64.1043701171875,
            104.08798217773438,
            136.2246856689453,
            120.9036636352539,
            101.80208587646484,
            114.25592041015625,
            114.93001556396484,
            110.93207550048828,
            114.47151184082031,
            113.59191131591797,
            111.9620361328125,
            120.81352996826172,
            91.75916290283203,
            88.63105773925781,
            128.96710205078125,
            127.19591522216797,
            127.685546875,
            125.81295776367188,
            132.30291748046875,
            124.52216339111328,
            130.40077209472656,
            112.08938598632812,
            141.37974548339844,
            87.15882873535156,
            110.93846893310547,
            131.42034912109375,
            87.19232940673828,
            95.6438217163086,
            123.8035659790039,
            96.25869750976562,
            85.75012969970703,
            74.5617446899414,
            98.47444915771484,
            127.4502182006836,
            106.25664520263672,
            90.29226684570312,
            4.04980993270874,
            96.43122100830078,
            4.04980993270874,
            96.43122100830078
        ],
        [
            0.9149076342582703,
            1.6659878492355347,
            0.798455536365509,
            2.9321630001068115,
            2.2442941665649414,
            3.601741313934326,
            15.079728126525879,
            16.144393920898438,
            1.1181247234344482,
            1.7157312631607056,
            0.0,
            92.60655212402344,
            154.94129943847656,
            143.12832641601562,
            124.73494720458984,
            155.32901000976562,
            155.26434326171875,
            87.80830383300781,
            95.82061767578125,
            89.85918426513672,
            88.96772766113281,
            95.73663330078125,
            62.42148971557617,
            102.58651733398438,
            134.65725708007812,
            119.34934997558594,
            100.14776611328125,
            112.80493927001953,
            113.47821807861328,
            109.57845306396484,
            113.01689910888672,
            112.12911987304688,
            110.47399139404297,
            119.41270446777344,
            90.51791381835938,
            87.38824462890625,
            127.67898559570312,
            125.91030883789062,
            126.38512420654297,
            124.5053939819336,
            131.0113983154297,
            123.24808502197266,
            129.1302947998047,
            110.72850036621094,
            139.83255004882812,
            85.56046295166016,
            109.31153869628906,
            130.1250762939453,
            85.59477233886719,
            94.5306396484375,
            122.51387023925781,
            94.74071502685547,
            84.21601867675781,
            73.09796142578125,
            96.94158935546875,
            126.08782958984375,
            104.97871398925781,
            88.7575912475586,
            5.755881309509277,
            94.94536590576172,
            5.755881309509277,
            94.94536590576172
        ],
        [
            92.49618530273438,
            92.59117126464844,
            92.28923797607422,
            89.98625183105469,
            94.495361328125,
            95.89724731445312,
            78.53315734863281,
            87.01016235351562,
            92.15957641601562,
            94.18815612792969,
            92.60655212402344,
            0.0,
            70.4996109008789,
            61.21233367919922,
            42.2441520690918,
            63.586570739746094,
            63.492984771728516,
            7.8713297843933105,
            6.957596778869629,
            4.687413692474365,
            4.8465256690979,
            5.839686870574951,
            33.88755416870117,
            14.46944808959961,
            42.10881805419922,
            27.05010414123535,
            14.686592102050781,
            26.325109481811523,
            26.81795883178711,
            31.557954788208008,
            26.239046096801758,
            24.929288864135742,
            21.785438537597656,
            35.24669647216797,
            33.470462799072266,
            33.13866424560547,
            49.63267135620117,
            48.39817428588867,
            47.76521682739258,
            45.784610748291016,
            52.118125915527344,
            47.140499114990234,
            51.978519439697266,
            31.726150512695312,
            47.54081344604492,
            7.415139675140381,
            18.3701171875,
            51.141815185546875,
            7.3471503257751465,
            43.61811828613281,
            45.48714828491211,
            8.463025093078613,
            10.277215003967285,
            23.22328758239746,
            7.785162925720215,
            43.372894287109375,
            35.066776275634766,
            7.132113456726074,
            98.09943389892578,
            12.082488059997559,
            98.09943389892578,
            12.082488059997559
        ],
        [
            154.58592224121094,
            154.46669006347656,
            154.4352264404297,
            152.05873107910156,
            157.08595275878906,
            158.503173828125,
            139.89276123046875,
            144.89732360839844,
            154.22972106933594,
            156.28189086914062,
            154.94129943847656,
            70.4996109008789,
            0.0,
            12.40970230102539,
            30.33283042907715,
            29.227384567260742,
            29.453262329101562,
            71.31255340576172,
            64.41558837890625,
            70.6800765991211,
            71.73725891113281,
            65.13601684570312,
            103.60755920410156,
            56.48004150390625,
            42.086448669433594,
            47.97613525390625,
            74.3939208984375,
            44.5916748046875,
            44.0109977722168,
            45.385169982910156,
            44.57325744628906,
            45.79987335205078,
            48.73017883300781,
            36.386234283447266,
            65.31991577148438,
            68.35944366455078,
            28.10531234741211,
            29.88722801208496,
            29.037742614746094,
            30.74408531188965,
            24.790098190307617,
            32.798248291015625,
            27.353065490722656,
            44.27513885498047,
            36.71074676513672,
            77.5353012084961,
            64.47034454345703,
            25.52674674987793,
            77.4414291381836,
            64.80951690673828,
            33.07725524902344,
            64.36858367919922,
            74.61750793457031,
            82.87437438964844,
            63.31379318237305,
            28.987918853759766,
            50.51686096191406,
            70.58363342285156,
            159.76104736328125,
            62.66455078125,
            159.76104736328125,
            62.66455078125
        ],
        [
            142.75169372558594,
            142.6136932373047,
            142.60671997070312,
            140.23292541503906,
            145.2891387939453,
            146.7025909423828,
            128.05926513671875,
            132.79818725585938,
            142.3950958251953,
            144.4415740966797,
            143.12832641601562,
            61.21233367919922,
            12.40970230102539,
            0.0,
            19.369184494018555,
            34.13141632080078,
            34.3110466003418,
            61.110408782958984,
            54.74648666381836,
            60.82912063598633,
            61.88318634033203,
            55.59671401977539,
            93.47581481933594,
            46.83341598510742,
            39.86531066894531,
            41.679405212402344,
            66.96678924560547,
            34.893131256103516,
            34.39444351196289,
            33.8590202331543,
            34.97346115112305,
            36.28847885131836,
            39.57437515258789,
            26.093849182128906,
            53.136959075927734,
            56.20428466796875,
            15.760346412658691,
            17.550464630126953,
            16.822174072265625,
            18.638647079467773,
            12.419873237609863,
            20.433740615844727,
            14.944085121154785,
            32.85850143432617,
            35.89439392089844,
            67.92790985107422,
            57.832637786865234,
            13.198941230773926,
            67.82706451416016,
            52.401206970214844,
            20.81609344482422,
            54.39943313598633,
            64.25242614746094,
            71.64630889892578,
            53.6988410949707,
            18.102628707885742,
            38.363338470458984,
            60.45745849609375,
            147.87017822265625,
            52.306278228759766,
            147.87017822265625,
            52.306278228759766
        ],
        [
            124.39700317382812,
            124.29427337646484,
            124.24159240722656,
            121.86402130126953,
            126.8664779663086,
            128.28587341308594,
            109.71147918701172,
            115.09268951416016,
            124.04132080078125,
            126.09732818603516,
            124.73494720458984,
            42.2441520690918,
            30.33283042907715,
            19.369184494018555,
            0.0,
            38.5551643371582,
            38.62862014770508,
            41.763973236083984,
            35.60838317871094,
            41.58062744140625,
            42.63007354736328,
            36.52289581298828,
            74.11890411376953,
            27.7794246673584,
            32.099098205566406,
            26.994691848754883,
            49.50619888305664,
            16.048994064331055,
            15.652586936950684,
            15.192817687988281,
            16.22446632385254,
            17.576871871948242,
            21.101865768432617,
            7.046444416046143,
            36.19104766845703,
            39.06801223754883,
            9.128538131713867,
            8.943758010864258,
            7.409843444824219,
            6.380087852478027,
            10.447504997253418,
            10.150382041931152,
            11.51997184753418,
            14.008359909057617,
            31.290206909179688,
            48.75343704223633,
            41.54426193237305,
            9.564682960510254,
            48.64990234375,
            38.09107208251953,
            8.605097770690918,
            35.130699157714844,
            44.88528060913086,
            52.55781555175781,
            34.59731674194336,
            1.352901816368103,
            21.698204040527344,
            41.1270637512207,
            129.6224365234375,
            32.946258544921875,
            129.6224365234375,
            32.946258544921875
        ],
        [
            155.13821411132812,
            155.1626434326172,
            154.9479522705078,
            152.60015869140625,
            157.3128662109375,
            158.72988891601562,
            140.76670837402344,
            147.90921020507812,
            154.79220581054688,
            156.845947265625,
            155.32901000976562,
            63.586570739746094,
            29.227384567260742,
            34.13141632080078,
            38.5551643371582,
            0.0,
            0.2428673356771469,
            67.55316162109375,
            59.566802978515625,
            65.69009399414062,
            66.6407241821289,
            59.7430305480957,
            97.16927337646484,
            52.80534744262695,
            22.84954833984375,
            36.579498291015625,
            61.49729537963867,
            43.76622772216797,
            43.090660095214844,
            51.27808380126953,
            43.43925857543945,
            44.04678726196289,
            45.10456085205078,
            40.09310531616211,
            72.75869750976562,
            75.25459289550781,
            43.30763244628906,
            44.521358489990234,
            42.8817024230957,
            43.37925720214844,
            41.24994659423828,
            47.08763885498047,
            44.275142669677734,
            49.89356231689453,
            16.534637451171875,
            70.97489166259766,
            50.678619384765625,
            41.31638717651367,
            70.91419219970703,
            76.30892181396484,
            46.17401123046875,
            60.58830642700195,
            71.14949035644531,
            82.53242492675781,
            58.4333381652832,
            37.56602478027344,
            59.384033203125,
            66.61661529541016,
            160.64669799804688,
            60.572547912597656,
            160.64669799804688,
            60.572547912597656
        ],
        [
            155.0749053955078,
            155.10049438476562,
            154.88433837890625,
            152.53712463378906,
            157.2466278076172,
            158.6634521484375,
            140.7082977294922,
            147.86697387695312,
            154.72901916503906,
            156.78248596191406,
            155.26434326171875,
            63.492984771728516,
            29.453262329101562,
            34.3110466003418,
            38.62862014770508,
            0.2428673356771469,
            0.0,
            67.48328399658203,
            59.49431610107422,
            65.61122131347656,
            66.56024169921875,
            59.66569900512695,
            97.06278228759766,
            52.750370025634766,
            22.698013305664062,
            36.47915267944336,
            61.35445785522461,
            43.75053787231445,
            43.075469970703125,
            51.30705642700195,
            43.42146682739258,
            44.02229690551758,
            45.061344146728516,
            40.125099182128906,
            72.77861785888672,
            75.268310546875,
            43.423587799072266,
            44.63084411621094,
            42.9884033203125,
            43.475833892822266,
            41.37906265258789,
            47.19013977050781,
            44.40192413330078,
            49.92235565185547,
            16.397228240966797,
            70.87916564941406,
            50.53628921508789,
            41.44057083129883,
            70.81878662109375,
            76.36014556884766,
            46.26892852783203,
            60.52404022216797,
            71.07953643798828,
            82.48174285888672,
            58.36166763305664,
            37.645084381103516,
            59.42729949951172,
            66.54569244384766,
            160.58529663085938,
            60.52273941040039,
            160.58529663085938,
            60.52273941040039
        ],
        [
            87.63558959960938,
            87.67852783203125,
            87.4411392211914,
            85.10250854492188,
            89.77599334716797,
            91.1913070678711,
            73.37433624267578,
            81.21525573730469,
            87.29163360595703,
            89.34075164794922,
            87.80830383300781,
            7.8713297843933105,
            71.31255340576172,
            61.110408782958984,
            41.763973236083984,
            67.55316162109375,
            67.48328399658203,
            0.0,
            8.019465446472168,
            3.194492816925049,
            3.2159523963928223,
            8.077364921569824,
            32.3715705871582,
            15.219392776489258,
            47.15589141845703,
            31.69552993774414,
            22.43718719482422,
            26.76485252380371,
            27.37282371520996,
            29.003231048583984,
            26.826845169067383,
            25.679033279418945,
            23.283428192138672,
            35.0819091796875,
            26.581859588623047,
            25.890209197998047,
            48.12232971191406,
            46.69658279418945,
            46.334503173828125,
            44.298194885253906,
            50.92579650878906,
            45.02131652832031,
            50.327667236328125,
            29.502662658691406,
            52.07728576660156,
            8.546300888061523,
            25.775115966796875,
            49.939300537109375,
            8.429811477661133,
            36.89307403564453,
            43.52682876586914,
            7.129454612731934,
            3.596383810043335,
            16.178205490112305,
            9.133703231811523,
            43.01054382324219,
            30.642919540405273,
            0.9848089218139648,
            93.17436218261719,
            8.848469734191895,
            93.17436218261719,
            8.848469734191895
        ],
        [
            95.65084075927734,
            95.69566345214844,
            95.45584106445312,
            93.11844635009766,
            97.78379821777344,
            99.19841003417969,
            81.39341735839844,
            89.17252349853516,
            95.3071517944336,
            97.35560607910156,
            95.82061767578125,
            6.957596778869629,
            64.41558837890625,
            54.74648666381836,
            35.60838317871094,
            59.566802978515625,
            59.49431610107422,
            8.019465446472168,
            0.0,
            6.359999656677246,
            7.400124549865723,
            1.2627002000808716,
            39.29314041137695,
            7.945675849914551,
            39.18217086791992,
            23.703166961669922,
            19.697036743164062,
            19.903535842895508,
            20.448471069335938,
            24.601699829101562,
            19.877222061157227,
            18.622589111328125,
            15.81344223022461,
            28.676252365112305,
            28.46166229248047,
            28.645240783691406,
            42.78138732910156,
            41.51539993286133,
            40.92409133911133,
            38.9300651550293,
            45.33121109008789,
            40.20896530151367,
            45.108604431152344,
            24.77159309387207,
            44.05860137939453,
            13.184125900268555,
            19.782695770263672,
            44.35090637207031,
            13.084487915039062,
            38.26018142700195,
            38.56849670410156,
            2.352931499481201,
            11.60560131072998,
            23.879554748535156,
            1.1517393589019775,
            36.77619934082031,
            28.397165298461914,
            7.063342094421387,
            101.19218444824219,
            5.881256103515625,
            101.19218444824219,
            5.881256103515625
        ],
        [
            89.71121978759766,
            89.77491760253906,
            89.51168060302734,
            87.18589782714844,
            91.79654693603516,
            93.20729064941406,
            75.55976867675781,
            83.65805053710938,
            89.3699951171875,
            91.4120864868164,
            89.85918426513672,
            4.687413692474365,
            70.6800765991211,
            60.82912063598633,
            41.58062744140625,
            65.69009399414062,
            65.61122131347656,
            3.194492816925049,
            6.359999656677246,
            0.0,
            1.0576996803283691,
            5.961081027984619,
            32.964378356933594,
            14.213048934936523,
            44.86238479614258,
            29.491756439208984,
            19.320005416870117,
            26.105669021606445,
            26.673667907714844,
            29.624008178710938,
            26.108774185180664,
            24.883350372314453,
            22.161951065063477,
            34.73531723022461,
            29.214513778686523,
            28.707931518554688,
            48.389122009277344,
            47.03912353515625,
            46.56230926513672,
            44.54228973388672,
            51.06818389892578,
            45.534759521484375,
            50.659706115722656,
            29.983112335205078,
            49.97846603393555,
            7.3204755783081055,
            22.673967361450195,
            50.083126068115234,
            7.208781719207764,
            39.46099090576172,
            43.9677619934082,
            6.4577507972717285,
            6.065967082977295,
            19.04541778564453,
            7.505723476409912,
            42.7840461730957,
            32.10960006713867,
            2.4579644203186035,
            95.2785873413086,
            9.342328071594238,
            95.2785873413086,
            9.342328071594238
        ],
        [
            88.82556915283203,
            88.89421844482422,
            88.62484741210938,
            86.3023681640625,
            90.89798736572266,
            92.30757141113281,
            74.7034683227539,
            82.87806701660156,
            88.48503112792969,
            90.52523040771484,
            88.96772766113281,
            4.8465256690979,
            71.73725891113281,
            61.88318634033203,
            42.63007354736328,
            66.6407241821289,
            66.56024169921875,
            3.2159523963928223,
            7.400124549865723,
            1.0576996803283691,
            0.0,
            6.950323581695557,
            31.91098403930664,
            15.268354415893555,
            45.72086715698242,
            30.383647918701172,
            19.251510620117188,
            27.163366317749023,
            27.73122215270996,
            30.603174209594727,
            27.16623306274414,
            25.94005584716797,
            23.208864212036133,
